0000000
0000000
00   00
00   00
00   00
00   00
00   00
00   00
0000000
0000000
 111   
1111   
  11   
  11   
  11   
  11   
  11   
  11   
  11   
111111 
  222  
 22222 
222 222
222 222
    222
   222 
  222  
 222   
2222222
2222222
  333  
333 333
33  333
   333 
  333  
  333  
   333 
33  333
333 333
  333  
44  444
44  444
44  444
4444444
4444444
     44
     44
     44
     44
     44
5555555
5555555
555    
555    
5555555
    555
    555
    555
5555555
5555555
6666666
6666666
666    
666    
6666666
6666666
66   66
66   66
66   66
6666666
7777777
7777777
     77
    77 
    77 
   77  
   77  
  77   
  77   
  77   
8888888
88   88
88   88
88   88
8888888
8888888
88   88
88   88
88   88
8888888
 99999 
9999999
99   99
99   99
9999999
 999999
     99
     99
9999999
 99999 